132774626 277 0 0.00 1.00 8278 6.16 0.00 183.96 45 
226690054 340 0 0.00 1.00 11594 7.73 0.00 263.50 44 
3089941363 314 0 0.00 1.00 5510 7.66 0.00 134.39 41 
1370986902 290 0 0.00 1.00 4351 7.25 0.00 108.78 40 
500328872 281 0 0.00 1.00 5894 7.21 0.00 151.13 39 
275415306 543 7 0.01 1.00 3047 16.45 0.21 92.33 33 
404916846 159 15 0.09 1.00 1805 5.30 0.50 60.17 30 
1459537578 272 0 0.00 1.00 4561 9.38 0.00 157.28 29 
204887235 155 12 0.08 1.00 2001 5.54 0.43 71.46 28 
396086694 149 8 0.05 1.00 1398 5.52 0.30 51.78 27 
395639817 245 0 0.00 1.00 2026 9.42 0.00 77.92 26 
798234950 151 0 0.00 1.00 1707 6.04 0.00 68.28 25 
2687627611 191 0 0.00 1.00 1958 7.96 0.00 81.58 24 
333168411 97 0 0.00 1.00 2272 4.04 0.00 94.67 24 
2261808925 68 0 0.00 1.00 1865 2.83 0.00 77.71 24 
1416624906 1049 1 0.00 1.00 2253 45.61 0.04 97.96 23 
2899724324 189 0 0.00 1.00 1849 8.59 0.00 84.05 22 
284197383 329 9 0.03 1.00 1782 14.95 0.41 81.00 22 
27849166 129 0 0.00 1.00 1990 5.86 0.00 90.45 22 
137478201 158 6 0.04 1.00 1820 7.52 0.29 86.67 21 
1616352889 43 1 0.02 1.00 1437 2.05 0.05 68.43 21 
969299318 45 0 0.00 1.00 2938 2.14 0.00 139.90 21 
58044082 29 0 0.00 1.00 1102 2.64 0.00 100.18 11 
185019826 88 0 0.00 1.00 1371 4.40 0.00 68.55 20 
3199623683 76 0 0.00 1.00 1714 3.80 0.00 85.70 20 
2936739141 36 0 0.00 1.00 2122 1.80 0.00 106.10 20 
3239143384 1359 18 0.01 1.00 2837 67.95 0.90 141.85 20 
3199900258 75 0 0.00 1.00 1668 3.95 0.00 87.79 19 
3171309439 77 0 0.00 1.00 1776 4.05 0.00 93.47 19 
1631128196 153 0 0.00 1.00 1409 8.05 0.00 74.16 19 
57838735 80 0 0.00 1.00 1388 4.44 0.00 77.11 18 
996745718 195 0 0.00 1.00 1555 10.83 0.00 86.39 18 
388941635 38 0 0.00 1.00 2788 2.11 0.00 154.89 18 
2297244138 128 1 0.01 1.00 1233 7.53 0.06 72.53 17 
523723448 96 0 0.00 1.00 1390 5.65 0.00 81.76 17 
321445166 104 0 0.00 1.00 1381 6.50 0.00 86.31 16 
93167589 129 0 0.00 1.00 1522 8.06 0.00 95.13 16 
557455977 133 0 0.00 1.00 1584 8.31 0.00 99.00 16 
2335240088 72 27 0.38 1.00 1305 4.80 1.80 87.00 15 
407261533 124 0 0.00 1.00 1243 8.27 0.00 82.87 15 
611959284 118 0 0.00 1.00 1318 7.87 0.00 87.87 15 
3011782856 75 0 0.00 1.00 1539 5.00 0.00 102.60 15 
29417304 112 21 0.19 1.00 1321 8.00 1.50 94.36 14 
342601720 42 0 0.00 1.00 1796 3.00 0.00 128.29 14 
113614082 159 0 0.00 1.00 1384 11.36 0.00 98.86 14 
1032487710 104 5 0.05 1.00 1229 8.00 0.38 94.54 13 
1620539378 298 0 0.00 1.00 1096 24.83 0.00 91.33 12 
2253627049 278 0 0.00 1.00 1383 23.17 0.00 115.25 12 
334770866 326 0 0.00 1.00 1703 27.17 0.00 141.92 12 
134164413 163 18 0.11 1.00 1346 16.30 1.80 134.60 10 
2601258566 190 0 0.00 1.00 1528 19.00 0.00 152.80 10 
3129377497 223 1 0.00 1.00 1583 22.30 0.10 158.30 10 
176224244 150 6 0.04 1.00 1240 18.75 0.75 155.00 8 
573459961 203 7 0.03 1.00 1306 25.38 0.88 163.25 8 
425528043 116 1 0.01 1.00 1181 16.57 0.14 168.71 7 
470072149 32 0 0.00 1.00 1219 4.57 0.00 174.14 7 
581994177 154 1 0.01 1.00 1406 25.67 0.17 234.33 6 
329418923 136 14 0.10 1.00 1183 22.67 2.33 197.17 6 
1714883018 143 0 0.00 1.00 1248 23.83 0.00 208.00 6 
233614681 119 3 0.03 1.00 1108 23.80 0.60 221.60 5 
367136122 146 3 0.02 1.00 1068 29.20 0.60 213.60 5 
295278719 185 0 0.00 1.00 1110 46.25 0.00 277.50 4 
121213242 114 7 0.06 1.00 1108 28.50 1.75 277.00 4 
1684898995 386 1 0.00 1.00 1174 128.67 0.33 391.33 3 
341384550 226 0 0.00 1.00 1071 75.33 0.00 357.00 3 
1392236496 115 0 0.00 1.00 1071 38.33 0.00 357.00 3 
489705506 175 0 0.00 1.00 1055 58.33 0.00 351.67 3 
45786304 96 3 0.03 1.00 1094 48.00 1.50 547.00 2 
1445334056 70 22 0.31 1.00 1083 35.00 11.00 541.50 2 
2453787236 433 0 0.00 1.00 1052 433.00 0.00 1052.00 1 
2896294831 156 0 0.00 1.00 1104 156.00 0.00 1104.00 1 
2728551676 119 0 0.00 1.00 1010 119.00 0.00 1010.00 1 
3248196501 199 0 0.00 1.00 1082 0.00 0.00 0.00 0 
2501274093 106 23 0.22 1.00 1012 0.00 0.00 0.00 0 
